10 10
11563 26612 26669 17071 6868 12246 23341 4609 6957 11811
896 19353 496 15738 4060 26536 6553 9527 30136 25370
4984 6461 512 23926 15877 26355 25100 19974 30067 29580
14547 5177 648 28556 5212 26437 23467 25479 22390 26896
31807 31276 27561 24657 17967 11139 20332 24050 8650 11635
21656 20922 20434 19847 8989 21032 8655 6130 21492 7074
3241 28624 14421 2767 18806 31918 8489 5697 30865 4429
15042 2903 31468 28579 20682 4705 30119 3619 3705 15878
13281 16958 3851 10723 23246 29738 21106 27765 9225 16354
27208 24633 4652 10094 29447 2065 21407 14948 11644 4842
8349 2191 9577 7052 3005 6255 9147 4865 111 6353
3915 378 9093 2209 2009 942 1412 7581 2405 4613
8779 8875 3824 2276 2548 206 7475 9417 376 8357
1805 3449 5384 1333 4339 1432 4505 1000 5523 7321
4048 293 2459 9111 8526 6562 2328 4564 333 904
9568 3567 6764 2470 435 7515 4280 185 1952 9901
3132 4250 9780 6214 537 8807 3273 5171 2313 1975
4364 2145 7137 2472 4735 677 2277 588 225 5226
2817 7780 6570 8124 9189 1146 4283 2981 8448 7333
4693 7334 9185 4425 8362 185 5321 6574 5921 3364
